OSF: https://osf.io/cmjbk/

Results:
- [x] Parallel factor analysis
- [x] Kruskal-Wallis p-values
	- [x] demographics/individual differences to individual questions
- [x] Spearman correlation matrix
	- [x] Individual questions
	- [x] Factors
- [ ] Wilcoxon test to see the difference (Confidence interval to see how big the effect could be)
- [ ] Comparison of before and after of the select what data should be allowed questions
- [ ] Chronback's alpha of the ethics questionnaire


### Results below:

#### Correlation Matrix

|                                    |        |                       |          |            |        |        |        |        |        |        |        |        |     |     |
| ---------------------------------- | ------ | --------------------- | -------- | ---------- | ------ | ------ | ------ | ------ | ------ | ------ | ------ | ------ | --- | --- |
|                                    | gender | political_affiliation | idealism | relativism | w      | b      | a      | l      | i      | f1     | f2     | f3     |     |     |
| Gender (1 = female)                | 1.000  | -0.090                | 0.066    | -0.029     | 0.147  | -0.067 | -0.193 | 0.073  | -0.030 | -0.120 | 0.278  | -0.253 |     |     |
| Political affil (+ → conservative) | -0.090 | 1.000                 | -0.026   | 0.046      | -0.058 | 0.035  | 0.071  | 0.060  | -0.087 | 0.205  | -0.058 | 0.018  |     |     |
| idealism                           | 0.066  | -0.026                | 1.000    | 0.042      | -0.107 | 0.197  | -0.077 | 0.008  | -0.065 | 0.060  | 0.134  | -0.157 |     |     |
| relativism                         | -0.029 | 0.046                 | 0.042    | 1.000      | -0.071 | 0.040  | 0.043  | 0.129  | -0.116 | 0.010  | 0.066  | -0.125 |     |     |
| w                                  | 0.147  | -0.058                | -0.107   | -0.071     | 1.000  | -0.531 | -0.241 | -0.276 | -0.276 | 0.102  | -0.136 | 0.125  |     |     |
| b                                  | -0.067 | 0.035                 | 0.197    | 0.040      | -0.531 | 1.000  | -0.207 | -0.236 | -0.236 | -0.045 | 0.122  | -0.078 |     |     |
| a                                  | -0.193 | 0.071                 | -0.077   | 0.043      | -0.241 | -0.207 | 1.000  | -0.107 | -0.107 | 0.011  | 0.025  | 0.008  |     |     |
| l                                  | 0.073  | 0.060                 | 0.008    | 0.129      | -0.276 | -0.236 | -0.107 | 1.000  | -0.123 | -0.095 | 0.069  | -0.119 |     |     |
| i                                  | -0.030 | -0.087                | -0.065   | -0.116     | -0.276 | -0.236 | -0.107 | -0.123 | 1.000  | -0.008 | -0.061 | 0.032  |     |     |
| f1 (info for AI support)           | -0.120 | 0.205                 | 0.060    | 0.010      | 0.102  | -0.045 | 0.011  | -0.095 | -0.008 | 1.000  | -0.640 | 0.600  |     |     |
| f2 (group-specific info)           | 0.278  | -0.058                | 0.134    | 0.066      | -0.136 | 0.122  | 0.025  | 0.069  | -0.061 | -0.640 | 1.000  | -0.829 |     |     |
| f3 (increased acc justifies info)  | -0.253 | 0.018                 | -0.157   | -0.125     | 0.125  | -0.078 | 0.008  | -0.119 | 0.032  | 0.600  | -0.829 | 1.000  | **  |     |
|                                    |        |                       |          |            |        |        |        |        |        |        |        |        |     |     |




#### Wilcoxon Tests
